0.011364619907601847 0.00125
0.01165085258294834 0.0025
0.012376413271734565 0.00375
0.012571894162116756 0.0050
0.012917043259134819 0.00625
0.013062696346073079 0.0075
0.013407761444771104 0.00875
0.013450533389332215 0.01
0.01370434271314574 0.01125
0.013725359092818145 0.0125
0.013816010079798406 0.01375
0.013929844603107939 0.015
0.01423821923561529 0.01625
0.014466039479210416 0.0175
0.014545737085258297 0.01875
0.014572616547669047 0.02
0.014730046199076021 0.02125
0.014800117597648047 0.0225
0.014863788324233518 0.02375
0.015498597228055437 0.025
0.015830306593868124 0.02625
0.01665144057118858 0.0275
0.01669315413691726 0.02875
0.017157076858462832 0.03
0.017393481730365395 0.03125
0.01754331793364133 0.0325
0.017562335153296933 0.03375
0.01757659806803864 0.035
0.017721696766064682 0.03625
0.018265266694666105 0.0375
0.018611490970180597 0.03875
0.018802822343553127 0.04
0.019009441411171776 0.04125
0.019082486350272997 0.0425
0.01917869802603948 0.04375
0.019182729945401093 0.045
0.01922083158336833 0.04625
0.019250802183956323 0.0475
0.019583099538009244 0.04875
0.019709533809323818 0.05
0.01981372532549349 0.05125
0.019826442671146575 0.0525
0.019922066358672826 0.05375
0.01999877362452751 0.055
0.020047996640067203 0.05625
0.020415791684166316 0.0575
0.020833733725325494 0.05875
0.021187988240235198 0.06
0.021319781604367916 0.06125
0.021473515329693407 0.0625
0.02154153716925662 0.06375
0.02192226795464091 0.065
0.021987921041579164 0.06625
0.022013826123477534 0.0675
0.022079664006719867 0.06875
0.022214464510709787 0.07
0.022441175976480474 0.07125
0.022527660646787063 0.0725
0.022560991180176394 0.07375
0.022580159596808064 0.075
0.02289972280554389 0.07625
0.022907601847963047 0.0775
0.022949634607307853 0.07875
0.02295835363292734 0.08
0.023003544729105423 0.08125
0.023016362872742547 0.0825
0.02304020159596808 0.08375
0.02340893742125158 0.085
0.02348656866862663 0.08625
0.023514708105837882 0.0875
0.023701990760184796 0.08875
0.02386776984460311 0.09
0.024079328013439736 0.09125
0.024161562368752627 0.0925
0.024252263754724907 0.09375
0.024252498950021004 0.095
0.024278135237295256 0.09625
0.024525090298194035 0.0975
0.024720403191936163 0.09875
0.02482417471650567 0.1
0.02504092398152037 0.10125
0.025097992440151203 0.1025
0.025592440151196976 0.10375
0.025593061738765226 0.105
0.025794372112557747 0.10625
0.025859286014279715 0.1075
0.026278420831583372 0.10875
0.026288836623267534 0.11
0.026375657286854266 0.11125
0.02651490970180597 0.1125
0.026926350272994542 0.11375
0.027036203275934482 0.115
0.027114691306173878 0.11625
0.02715986560268795 0.1175
0.027212834943301137 0.11875
0.027232708945821082 0.12
0.027873565728685427 0.12125
0.027909987400252 0.1225
0.027994321713565726 0.12375
0.028326686266274676 0.125
0.028621268374632507 0.12625
0.028623183536329276 0.1275
0.028783334733305337 0.12875
0.028800621587568253 0.13
0.028894615707685846 0.13125
0.028911885762284754 0.1325
0.028988761024779507 0.13375
0.029235917681646365 0.135
0.02941876522469551 0.13625
0.0297547417051659 0.1375
0.029773624527509455 0.13875
0.03017654766904662 0.14
0.030574582108357833 0.14125
0.030608131037379253 0.1425
0.030624712305753886 0.14375
0.030637009659806806 0.145
0.0307117345653087 0.14625
0.030776883662326757 0.1475
0.03078617387652247 0.14875
0.0308629987400252 0.15
0.031034439311213777 0.15125
0.031212381352372955 0.1525
0.0313054850902982 0.15375
0.03131936161276774 0.155
0.031495791684166316 0.15625
0.0315122553548929 0.1575
0.03169575808483831 0.15875
0.031773254934901296 0.16
0.031797211255774886 0.16125
0.0317977488450231 0.1625
0.03183768164636708 0.16375
0.03197451490970181 0.165
0.032061049979000424 0.16625
0.03211516169676607 0.1675
0.032148357832843345 0.16875
0.03216409911801764 0.17
0.03221367492650147 0.17125
0.03222141957160857 0.1725
0.03223966400671986 0.17375
0.0322444855102898 0.175
0.03237889962200756 0.17625
0.03239255774884502 0.1775
0.0324767240655187 0.17875
0.03271422091558169 0.18
0.03298269634607308 0.18125
0.033034422511549776 0.1825
0.033182965140697185 0.18375
0.03323158336833264 0.185
0.03324811423771525 0.18625
0.03328241915161697 0.1875
0.03332040319193617 0.18875
0.03332356152876943 0.19
0.03339773204535909 0.19125
0.033399092818143634 0.1925
0.03345463250734985 0.19375
0.03348584628307434 0.195
0.033509315413691725 0.19625
0.03352362872742545 0.1975
0.03352419991600168 0.19875
0.033533994120117594 0.2
0.03354167156656866 0.20125
0.033556438471230576 0.2025
0.0335687358252835 0.20375
0.03357335573288534 0.205
0.03357636287274254 0.20625
0.03358610667786644 0.2075
0.03360843343133137 0.20875
0.03361517009659806 0.21
0.033640117597648046 0.21125
0.03366113397732046 0.2125
0.033698227635447296 0.21375
0.03381241495170097 0.215
0.03381979000419992 0.21625
0.033849911801763964 0.2175
0.03386603947921042 0.21875
0.033895338093238137 0.22
0.033898093238135245 0.22125
0.03393461570768584 0.2225
0.033935909281814364 0.22375
0.03397478370432591 0.225
0.03406481310373793 0.22625
0.03408715665686687 0.2275
0.03424821503569929 0.22875
0.03426378832423352 0.23
0.03440341033179337 0.23125
0.0344190004199916 0.2325
0.034494682906341875 0.23375
0.03458435951280975 0.235
0.03464016799664007 0.23625
0.0347342293154137 0.2375
0.03481943721125578 0.23875
0.034905149097018064 0.24
0.03492122637547249 0.24125
0.034933070138597234 0.2425
0.03502835783284334 0.24375
0.03527364972700546 0.245
0.03543616967660647 0.24625
0.03545086938261235 0.2475
0.035520184796304075 0.24875
0.03554825703485931 0.25
0.035876774464510715 0.25125
0.035991331373372536 0.2525
0.03608979420411592 0.25375
0.036131507769844605 0.255
0.03615200335993281 0.25625
0.036331188576228475 0.2575
0.03640001679966401 0.25875
0.03653747165056699 0.26
0.03660238555228896 0.26125
0.03716754304913902 0.2625
0.037524519109617814 0.26375
0.03755027299454011 0.265
0.03775316253674927 0.26625
0.03811583368332634 0.2675
0.03892745905081899 0.26875
0.03912107517849643 0.27
0.0394289626207476 0.27125
0.03943284334313314 0.2725
0.03955025619487611 0.27375
0.03975363292734146 0.275
0.03978467870642587 0.27625
0.03986788744225116 0.2775
0.04005090298194036 0.27875
0.040256010079798406 0.28
0.040294733305333896 0.28125
0.040398118437631254 0.2825
0.04040853422931542 0.28375
0.04041641327173457 0.285
0.04047633767324654 0.28625
0.04117958840823183 0.2875
0.04132065518689626 0.28875
0.04145678286434271 0.29
0.0430884838303234 0.29125
0.04474768584628309 0.2925
0.04508302393952121 0.29375
0.045162318353632935 0.295
0.04533157496850063 0.29625
0.04584240235195296 0.2975
0.04624411591768165 0.29875
0.04651946241075179 0.3
0.046583603527929444 0.30125
0.04670019319613609 0.3025
0.046738698026039485 0.30375
0.04681486770264595 0.305
0.04682106677866443 0.30625
0.04698501469970601 0.3075
0.047016346073078544 0.30875
0.047026392272154556 0.31
0.04706751784964301 0.31125
0.047224309113817725 0.3125
0.04730946661066779 0.31375
0.04732468710625788 0.315
0.04748132717345654 0.31625
0.04773108777824443 0.3175
0.04773384292314154 0.31875
0.047773809323813525 0.32
0.047937118857622855 0.32125
0.0479717597648047 0.3225
0.047991146577068454 0.32375
0.04802232675346493 0.325
0.04804890382192356 0.32625
0.04809614447711046 0.3275
0.048173187736245286 0.32875
0.04824349433011339 0.33
0.04829043259134817 0.33125
0.04830185636287275 0.3325
0.048338496430071404 0.33375
0.04839479210415792 0.335
0.04840712305753885 0.33625
0.0484129861402772 0.3375
0.048484166316673676 0.33875
0.04853958840823184 0.34
0.04859403611927761 0.34125
0.04872668626627468 0.3425
0.04886729945401092 0.34375
0.048906392272154556 0.345
0.04890980260394792 0.34625
0.04897181016379673 0.3475
0.04902257874842503 0.34875
0.04903516169676606 0.35
0.049042335153296944 0.35125
0.04905508609827804 0.3525
0.04908638387232256 0.35375
0.04910866022679547 0.355
0.049215153296934065 0.35625
0.04929172616547669 0.3575
0.04934706425871483 0.35875
0.04935045779084418 0.36
0.04939163376732465 0.36125
0.04946595548089039 0.3625
0.04949957160856783 0.36375
0.049607727845443095 0.365
0.049677900041999165 0.36625
0.049720856782864344 0.3675
0.04979664006719866 0.36875
0.049797496850063 0.37
0.04994069718605628 0.37125
0.049955598488030245 0.3725
0.04996334313313734 0.37375
0.04998536749265015 0.375
0.05010289794204116 0.37625
0.050155716085678294 0.3775
0.050175052498950025 0.37875
0.05020416631667367 0.38
0.05020735825283495 0.38125
0.050230390592188166 0.3825
0.05029058378832423 0.38375
0.05030434271314574 0.385
0.05043916001679966 0.38625
0.05058535069298615 0.3875
0.050589365812683744 0.38875
0.05063022259554809 0.39
0.0508537253254935 0.39125
0.0509697606047879 0.3925
0.05139262494750105 0.39375
0.051491759764804704 0.395
0.0516804871902562 0.39625
0.05179516169676607 0.3975
0.051819857202855944 0.39875
0.051883527929441425 0.4
0.05191203695926082 0.40125
0.051960000000000006 0.4025
0.05203119697606048 0.40375
0.0520657706845863 0.405
0.05210654346913062 0.40625
0.05214064678706425 0.4075
0.052365241495170106 0.40875
0.05239879042419151 0.41
0.052437732045359085 0.41125
0.05245007979840404 0.4125
0.05266014279714406 0.41375
0.052810768584628305 0.415
0.05304856782864343 0.41625
0.05415185216295674 0.4175
0.05416364552708946 0.41875
0.054282872742545146 0.42
0.054583536329273416 0.42125
0.054662057958840826 0.4225
0.05466612347753045 0.42375
0.05483559848803024 0.425
0.05484095758084839 0.42625
0.054843544729105416 0.4275
0.05488846703065939 0.42875
0.05509626207475851 0.43
0.055111196976060484 0.43125
0.05551936161276774 0.4325
0.05562249475010499 0.43375
0.05587469130617388 0.435
0.056234338513229745 0.43625
0.05636440151196977 0.4375
0.05663050818983621 0.43875
0.05683013859722806 0.44
0.05701281814363712 0.44125
0.05704808063838724 0.4425
0.057086535069298616 0.44375
0.057200016799664 0.445
0.05777342293154137 0.44625
0.05788132717345653 0.4475
0.05800514069718606 0.44875
0.058312288954220914 0.45
0.05914261234775305 0.45125
0.05963902561948762 0.4525
0.05967470810583789 0.45375
0.05971333053338933 0.455
0.05984470390592188 0.45625
0.060671667366652665 0.4575
0.061207223855522894 0.45875
0.061320520789584214 0.46
0.0613497354052919 0.46125
0.06168433431331374 0.4625
0.06209632927341453 0.46375
0.06223904241915162 0.465
0.062352473750524995 0.46625
0.06236929021419571 0.4675
0.06239158336833263 0.46875
0.0625082234355313 0.47
0.06251944561108778 0.47125
0.0626965140697186 0.4725
0.06272818143637128 0.47375
0.06286741705165898 0.475
0.06293868122637547 0.47625
0.06299613607727847 0.4775
0.06311507769844603 0.47875
0.06315356572868543 0.48
0.06330936581268375 0.48125
0.06331195296094079 0.4825
0.06331986560268796 0.48375
0.06342731625367493 0.485
0.06385639647207057 0.48625
0.06405117177656447 0.4875
0.06410902981940361 0.48875
0.06410988660226795 0.49
0.06411193616127678 0.49125
0.06414745065098698 0.4925
0.06421955480890383 0.49375
0.06436952540949183 0.495
0.06441402771944561 0.49625
0.064424964300714 0.4975
0.06457975640487192 0.49875
0.064735002099958 0.5
0.06476319193616129 0.50125
0.06482587148257035 0.5025
0.06522061318773625 0.50375
0.06532068878622428 0.505
0.06546629147417052 0.50625
0.06547556488870224 0.5075
0.06555136497270056 0.50875
0.06576614867702646 0.51
0.06616026879462411 0.51125
0.06621286854262916 0.5125
0.06631156656866863 0.51375
0.06637431331373372 0.515
0.0664005039899202 0.51625
0.0668709953800924 0.5175
0.06715413691726166 0.51875
0.06727549769004619 0.52
0.06730057958840824 0.52125
0.06737814363712726 0.5225
0.067589987400252 0.52375
0.0676129861402772 0.525
0.06783154976900463 0.52625
0.06835487610247795 0.5275
0.06891919361612767 0.52875
0.06892814783704326 0.53
0.06906152036959261 0.53125
0.06991771524569508 0.5325
0.07009328853422932 0.53375
0.07012996220075599 0.535
0.07031845443091139 0.53625
0.07034442671146578 0.5375
0.07034484670306596 0.53875
0.07037493490130198 0.54
0.07041947081058379 0.54125
0.0706177572448551 0.5425
0.07070333473330534 0.54375
0.07074771944561109 0.545
0.07075153296934061 0.54625
0.07082535069298614 0.5475
0.07093982360352794 0.54875
0.07096280554388913 0.55
0.0709902225955481 0.55125
0.07116710625787484 0.5525
0.07133760604787906 0.55375
0.07134992020159597 0.555
0.07140346073078538 0.55625
0.07155012179756405 0.5575
0.07161281814363714 0.55875
0.07170165476690467 0.56
0.0717102561948761 0.56125
0.07171492650146997 0.5625
0.07193743805123898 0.56375
0.07205553968920621 0.565
0.07213720285594288 0.56625
0.07220221755564889 0.5675
0.07235662326753466 0.56875
0.07254934901301975 0.57
0.07262842503149938 0.57125
0.07269216295674087 0.5725
0.07274451070978581 0.57375
0.07281790844183116 0.575
0.07291401931961362 0.57625
0.07315872322553549 0.5775
0.07336907181856364 0.57875
0.07367783284334313 0.58
0.07370926501469971 0.58125
0.07374630827383453 0.5825
0.07400713985720286 0.58375
0.074109970600588 0.585
0.07454392272154557 0.58625
0.07460821503569931 0.5875
0.07461103737925241 0.58875
0.07508616547669048 0.59
0.07511296094078118 0.59125
0.07537429651406972 0.5925
0.07551904241915164 0.59375
0.07553681646367073 0.595
0.07572703905921882 0.59625
0.0757852330953381 0.5975
0.07580211675766485 0.59875
0.07583932801343973 0.6
0.07584293994120118 0.60125
0.07597283494330115 0.6025
0.07601132297354053 0.60375
0.07620263754724906 0.605
0.07643843763124737 0.60625
0.07652349433011339 0.6075
0.07671884082318355 0.60875
0.07678110037799243 0.61
0.0769577656446871 0.61125
0.07723186896262076 0.6125
0.07773194456110878 0.61375
0.07819045779084419 0.615
0.0785035027299454 0.61625
0.07867183536329274 0.6175
0.07880819823603528 0.61875
0.07887986560268795 0.62
0.07894086518269634 0.62125
0.07945915161696766 0.6225
0.08003312893742125 0.62375
0.08010612347753046 0.625
0.08015307853842923 0.62625
0.08051652246955061 0.6275
0.08055086098278036 0.62875
0.08102358672826544 0.63
0.08243445611087778 0.63125
0.08294288114237716 0.6325
0.08341305333893323 0.63375
0.08557397732045359 0.635
0.08565431331373373 0.63625
0.08577024779504408 0.6375
0.08610531709365814 0.63875
0.08612478790424193 0.64
0.08666756824863503 0.64125
0.08735133137337253 0.6425
0.08766649307013859 0.64375
0.08821743805123898 0.645
0.08855884082318354 0.64625
0.08871413691726165 0.6475
0.0888322385552289 0.6475
0.08928893742125157 0.64875
0.08950036119277616 0.64875
0.09023786644267116 0.65
0.09124687106257875 0.65
0.0916312305753885 0.65125
0.09169139017219656 0.6525
0.09221018059638808 0.6525
0.0922452750944981 0.6525
0.09232880302393952 0.65375
0.09244601427971441 0.65375
0.09298501469970602 0.655
0.09321671566568669 0.65625
0.0936542461150777 0.65625
0.0937417387652247 0.6575
0.0938734649307014 0.65875
0.09403832003359934 0.66
0.09414320033599329 0.66125
0.09430267954640909 0.6625
0.094334985300294 0.6625
0.09440986140277194 0.66375
0.09447443931121378 0.66375
0.09455027299454014 0.665
0.09466138597228056 0.665
0.09491653926921463 0.66625
0.09495879042419153 0.6675
0.09512231835363294 0.66875
0.09534818983620326 0.67
0.09566565308693827 0.67125
0.09578227635447291 0.6725
0.09589686686266276 0.67375
0.09597102057958842 0.675
0.09634894582108358 0.67625
0.09643783284334315 0.67625
0.0966777488450231 0.6775
0.09674605627887443 0.67875
0.09688241915161697 0.67875
0.09735018899622008 0.67875
0.09795040739185217 0.68
0.09833191096178077 0.68
0.09867605207895841 0.68125
0.09891887442251154 0.6825
0.10005226375472492 0.6825
0.1001439227215456 0.68375
0.1006659722805544 0.68375
0.10104561108777826 0.685
0.10154763544729106 0.68625
0.10194654346913064 0.6875
0.10306504829903401 0.6875
0.1038932549349013 0.6875
0.10396502309953802 0.6875
0.10580930701385974 0.6875
0.10593038219235618 0.68875
0.10614988660226796 0.69
0.10642859302813945 0.69125
0.10678336833263335 0.6925
0.1068962788744225 0.6925
0.1078232339353213 0.69375
0.10840878622427552 0.69375
0.10860411591768165 0.695
0.10871916001679967 0.69625
0.10876944141117179 0.69625
0.10994135237295255 0.69625
0.1115160352792944 0.69625
0.11156645107097858 0.69625
0.11213016379672408 0.69625
0.11223484250314993 0.6975
0.11226818983620328 0.6975
0.11234291474170517 0.6975
0.11251679126417473 0.6975
0.11316619907601849 0.69875
0.11331539689206216 0.69875
0.1133459890802184 0.69875
0.11336540949181018 0.69875
0.11361243175136498 0.69875
0.11434449391012183 0.69875
0.11488571188576228 0.69875
0.11580181436371274 0.7
0.11624841663166738 0.7
0.1163295086098278 0.7
0.11643563208735826 0.7
0.11667551448971021 0.7
0.11680720705585888 0.7
0.11681355732885343 0.7
0.11703658966820664 0.7
0.11730484670306594 0.7
0.11739275934481311 0.7
0.11740245275094499 0.7
0.11794414111717767 0.7
0.11809817723645527 0.7
0.11837594288114239 0.7
0.12010760184796304 0.7
0.12146434271314574 0.7
0.12187702645947082 0.70125
0.12202491390172197 0.70125
0.12249013019739605 0.70125
0.12387969760604789 0.70125
0.12406839143217137 0.70125
0.12433693406131878 0.70125
0.12497009659806804 0.70125
0.12525471650566988 0.7025
0.1257352708945821 0.7025
0.12596384712305755 0.7025
0.1265785132297354 0.7025
0.12669785804283917 0.7025
0.12669905081898364 0.7025
0.1276967324653507 0.7025
0.1284482150356993 0.7025
0.1293994792104158 0.7025
0.12947092818143635 0.7025
0.12955637127257455 0.70375
0.13002993700126 0.70375
0.13025540529189417 0.705
0.13109130617387654 0.705
0.1323071818563629 0.70625
0.1324334817303654 0.70625
0.1326446871062579 0.70625
0.13444288954220918 0.70625
0.13469792524149518 0.70625
0.13507171776564467 0.70625
0.1353784964300714 0.70625
0.13661051658966822 0.70625
0.13720487190256198 0.70625
0.137222477950441 0.70625
0.13743842083158336 0.70625
0.13759210415791684 0.70625
0.13781530449391016 0.70625
0.13798913061738766 0.70625
0.13813211255774885 0.70625
0.13822530029399413 0.70625
0.13848006719865602 0.70625
0.1393282318353633 0.70625
0.13945968920621588 0.70625
0.1401147249055019 0.70625
0.14017706845863084 0.70625
0.14143702645947082 0.70625
0.14247986560268797 0.70625
0.1431814867702646 0.70625
0.14342059638807222 0.70625
0.1443631919361613 0.70625
0.14448880302393954 0.70625
0.1449344645107098 0.7075
0.14509337253254934 0.7075
0.1457055690886182 0.7075
0.1466060478790424 0.7075
0.1467380260394792 0.70875
0.14690291474170517 0.70875
0.14716119277614448 0.70875
0.14761085258294834 0.71
0.14818212515749687 0.71
0.1496772784544309 0.71
0.14999591768164636 0.71125
0.15202610667786645 0.71125
0.1527684838303234 0.71125
0.15404171356572868 0.71125
0.15415501049979002 0.71125
0.15562763544729105 0.71125
0.15583060898782025 0.7125
0.15600089038219236 0.7125
0.1560512221755565 0.7125
0.15691084418311635 0.7125
0.15749984040319193 0.7125
0.15785301973960522 0.7125
0.1586154388912222 0.7125
0.16017429651406973 0.7125
0.16047175136497271 0.7125
0.16150975220495592 0.7125
0.16185738765224694 0.7125
0.16195558168836624 0.7125
0.16321065098698026 0.7125
0.16401407811843766 0.7125
0.1642622091558169 0.71375
0.16467380092398154 0.71375
0.16595586728265438 0.71375
0.16618605627887442 0.71375
0.1668252498950021 0.71375
0.16723417051658968 0.71375
0.16896690466190675 0.71375
0.1690482318353633 0.71375
0.16921496850062998 0.715
0.16993774044519108 0.715
0.16995687526249476 0.715
0.1702834775304494 0.715
0.17098175556488873 0.71625
0.1723242503149937 0.71625
0.17264362872742547 0.71625
0.17323307853842923 0.71625
0.17400752624947502 0.71625
0.17543825283494327 0.71625
0.17734461150776984 0.71625
0.17863223855522892 0.71625
0.17998368752624946 0.71625
0.1805206887862243 0.71625
0.1806356992860143 0.71625
0.18083642167156652 0.7175
0.18125191096178075 0.7175
0.18166635867282654 0.7175
0.18190719865602692 0.7175
0.18324982780344393 0.7175
0.1841854178916422 0.7175
0.1847568584628308 0.71875
0.1847671734565309 0.71875
0.18483116337673247 0.71875
0.18542971860562787 0.71875
0.18632551028979422 0.71875
0.18675514489710204 0.71875
0.18766830743385132 0.71875
0.18778817303653927 0.71875
0.18804317513649732 0.71875
0.18842511549769006 0.71875
0.18851304493910123 0.71875
0.18854084838303234 0.71875
0.18988367912641746 0.72
0.1901360100797984 0.72
0.19087778244435114 0.72125
0.19118813943721127 0.72125
0.1913447627047459 0.72125
0.1920866862662747 0.72125
0.19224490550188997 0.7225
0.19366926501469972 0.7225
0.19601202855942884 0.7225
0.19730812263754727 0.7225
0.19763034019319617 0.7225
0.1976534397312054 0.7225
0.19892067198656027 0.7225
0.1995989416211676 0.7225
0.2000521629567409 0.7225
0.20046236035279297 0.7225
0.20086488030239394 0.7225
0.2011782612347753 0.7225
0.20129433011339776 0.7225
0.20142679546409076 0.7225
0.20160335993280135 0.7225
0.202427484250315 0.7225
0.20367378412431753 0.7225
0.20392698866022682 0.7225
0.2048441831163377 0.7225
0.2056796640067199 0.7225
0.20647633767324655 0.7225
0.20731502729945403 0.7225
0.2074345569088618 0.7225
0.20779386812263756 0.72375
0.20875706005879888 0.725
0.20877155816883664 0.725
0.20946815623687529 0.725
0.20967301133977317 0.725
0.21123368332633347 0.725
0.21140656866862667 0.725
0.21161387652246955 0.725
0.21203393532129358 0.72625
0.21205049979000418 0.72625
0.21350960100797986 0.72625
0.21400440151196973 0.72625
0.2151909617807644 0.72625
0.21521384292314155 0.72625
0.2159218647627047 0.72625
0.2173626543469131 0.72625
0.21789797564048718 0.7275
0.21889308693826126 0.7275
0.21900031919361612 0.7275
0.2190359344813104 0.7275
0.22022054598908028 0.7275
0.22024361192776148 0.7275
0.22076677026459474 0.7275
0.22235574968500632 0.7275
0.2224520117597648 0.7275
0.22604776144477112 0.7275
0.22671983200335996 0.7275
0.2275757580848383 0.7275
0.22874632507349857 0.72875
0.229947467450651 0.72875
0.230057438051239 0.72875
0.23067862242755147 0.72875
0.2308727593448131 0.73
0.23141268374632507 0.73
0.23260344393112137 0.73
0.23263553128937423 0.73
0.2326618059638807 0.73
0.23285412851742968 0.73
0.2330851910961781 0.73
0.23550200755984882 0.73
0.23560124317513653 0.73
0.23568574548509033 0.73
0.23614051238975223 0.73
0.2362492566148677 0.73
0.2367046619067619 0.73125
0.23713265014699708 0.73125
0.23886064678706423 0.73125
0.2392526837463251 0.73125
0.23929937001259977 0.73125
0.2398472742545149 0.73125
0.24021891642167162 0.73125
0.24095643847123058 0.73125
0.24138454430911382 0.73125
0.24143947921041578 0.73125
0.24156428391432172 0.7325
0.2424736665266695 0.7325
0.2430601931961361 0.73375
0.24333055018899624 0.73375
0.24480794624107519 0.73375
0.2451666526669467 0.73375
0.2452232507349853 0.73375
0.24533234775304494 0.73375
0.24574659386812267 0.73375
0.24589354052918944 0.735
0.24635899202015962 0.735
0.2465109449811004 0.73625
0.24721903401931966 0.73625
0.24857375892482148 0.73625
0.24914509869802604 0.73625
0.2497084922301554 0.73625
0.25033115497690045 0.73625
0.25139381772364555 0.73625
0.2517206719865603 0.73625
0.2525129441411172 0.73625
0.2531933305333893 0.73625
0.2542945653086939 0.7375
0.2543455858882823 0.7375
0.2545412515749685 0.7375
0.2552057118857623 0.7375
0.25533811003779927 0.7375
0.25536593028139437 0.7375
0.2559929609407812 0.7375
0.2581422763544729 0.7375
0.2582309449811004 0.7375
0.25847292734145316 0.7375
0.2590620243595128 0.7375
0.25952455270894587 0.7375
0.2604954892902142 0.7375
0.261022377152457 0.7375
0.2626780008399832 0.73875
0.26561066778664427 0.73875
0.2660643259134818 0.73875
0.26711393532129357 0.73875
0.2676888702225956 0.73875
0.26788208315833684 0.73875
0.2678942797144057 0.73875
0.2683316085678286 0.73875
0.2686644267114658 0.74
0.26922234355312896 0.74
0.26932801343973123 0.74
0.2703288198236035 0.74
0.2721821923561529 0.74
0.2753494162116758 0.74
0.27728794624107517 0.74
0.2778419319613608 0.74
0.2781407811843763 0.74
0.278639983200336 0.74
0.27911060898782025 0.74
0.2797744981100378 0.74
0.28025165896682064 0.74
0.2806077110457791 0.74
0.2818677866442671 0.74
0.2823630071398572 0.74
0.2825617471650568 0.74
0.28269498530029397 0.74
0.2838439479210416 0.74
0.28440083998320037 0.74
0.2844862494750105 0.74
0.2847457370852583 0.74
0.28573829483410335 0.74
0.2864463838723225 0.74
0.2868889038219236 0.74
0.2875704661906762 0.74
0.28805318773624533 0.74
0.2889717429651407 0.74
0.28919744645107104 0.74
0.2904989836203276 0.74
0.2920419319613608 0.74
0.2920445359092818 0.74
0.29218336833263336 0.74
0.292312540949181 0.74125
0.2930869046619068 0.74125
0.29309651406971865 0.74125
0.2945241495170097 0.74125
0.29471264174716505 0.7425
0.29477859722805544 0.7425
0.2962810079798404 0.7425
0.29629737085258295 0.7425
0.29631260814783705 0.7425
0.2965248047039059 0.7425
0.2973847291054179 0.7425
0.2977289710205796 0.7425
0.299732414951701 0.7425
0.3037766988660227 0.7425
0.30506578748425034 0.7425
0.30530084838303234 0.7425
0.30629528769424613 0.74375
0.3065604703905922 0.74375
0.30658462830743394 0.74375
0.30689631247375054 0.74375
0.3070817135657287 0.74375
0.30825799244015123 0.74375
0.30915131457370854 0.74375
0.3093639647207056 0.74375
0.3093719781604368 0.74375
0.31042709785804284 0.74375
0.31091712725745485 0.74375
0.3122983788324234 0.74375
0.3136930029399413 0.74375
0.31697733725325494 0.74375
0.31701994120117605 0.74375
0.3193947921041579 0.74375
0.319514993700126 0.74375
0.3197758588828224 0.74375
0.31997560688786225 0.74375
0.32012848383032344 0.74375
0.3203389668206636 0.74375
0.3215027467450651 0.74375
0.32166876102477954 0.74375
0.3221734901301974 0.74375
0.32359706005879885 0.74375
0.32359981520369596 0.74375
0.323849962200756 0.74375
0.3241534649307014 0.74375
0.3250711633767325 0.74375
0.3253065602687946 0.74375
0.3258816967660647 0.74375
0.32595803443931126 0.745
0.32621580848383036 0.745
0.32724967660646787 0.745
0.3281642671146577 0.745
0.328447459050819 0.745
0.3285520537589248 0.745
0.3292527677446451 0.745
0.3298794792104157 0.745
0.3309613943721125 0.745
0.331042503149937 0.745
0.3311610079798404 0.745
0.331535002099958 0.745
0.3320653842923142 0.745
0.3323477026459471 0.745
0.3332806215875683 0.745
0.33379877362452753 0.745
0.3338207811843763 0.74625
0.3350467366652667 0.74625
0.3362114909701806 0.7475
0.33657553968920617 0.7475
0.3396785216295674 0.7475
0.3401625871482571 0.7475
0.34117006299874003 0.7475
0.34376366232675354 0.7475
0.34395816883662333 0.74875
0.34694834103317934 0.74875
0.34756910541789166 0.74875
0.3479938009239816 0.74875
0.34826007559848804 0.74875
0.3486717849643008 0.74875
0.34867699286014286 0.74875
0.34871450650986985 0.75
0.34904233515329697 0.75
0.3493380260394792 0.75
0.34997614447711045 0.75
0.3500014615707686 0.75125
0.3502781520369593 0.75125
0.3503497690046199 0.75125
0.35119773204535915 0.75125
0.351552238555229 0.75125
0.3529454010919782 0.75125
0.35298456110877785 0.75125
0.35308173036539275 0.75125
0.35321777404451915 0.7525
0.3533714069718606 0.7525
0.3536265266694666 0.7525
0.35379023939521215 0.7525
0.3542694498110038 0.7525
0.3543806299874002 0.75375
0.3557911633767325 0.75375
0.355814934901302 0.75375
0.3564103821923562 0.75375
0.35670051238975226 0.75375
0.356714976900462 0.75375
0.3568810583788324 0.75375
0.3571591600167997 0.75375
0.35727791684166316 0.75375
0.3584690634187317 0.75375
0.3589742293154137 0.75375
0.3608166652666947 0.75375
0.36101518689626205 0.75375
0.36168057118857627 0.75375
0.3621743469130617 0.75375
0.3633037211255775 0.75375
0.36380393112137754 0.75375
0.3639165560688786 0.75375
0.36396705585888284 0.75375
0.36401896682066365 0.75375
0.36453293574128515 0.75375
0.3646640571188577 0.75375
0.364932582948341 0.75375
0.3650285594288114 0.75375
0.36550024359512806 0.75375
0.3657799076018479 0.75375
0.3662546661066779 0.75375
0.3662951532969341 0.75375
0.3672147165056699 0.75375
0.36755207055858896 0.75375
0.36766882822343555 0.75375
0.36770587148257033 0.75375
0.36812095758084834 0.75375
0.3681660142797144 0.75375
0.36820006719865606 0.75375
0.3687310709785805 0.75375
0.36917327173456543 0.755
0.3692334985300294 0.755
0.369742746745065 0.755
0.36982316673666527 0.755
0.37011111297774046 0.755
0.370247459050819 0.755
0.37042709785804284 0.755
0.3707794036119278 0.755
0.3711866274674506 0.755
0.37146457790844195 0.755
0.3715293910121798 0.755
0.37173476690466195 0.755
0.37214259554808904 0.755
0.3724180428391432 0.755
0.37258748425031496 0.755
0.3731579000419992 0.755
0.37344759344813105 0.755
0.3734945485090299 0.755
0.3742525493490131 0.755
0.3746308105837883 0.755
0.37499291054178924 0.755
0.37578175556488874 0.755
0.37585155816883664 0.755
0.37586217555648893 0.755
0.3760618899622008 0.755
0.3761098362032759 0.755
0.3800678202435952 0.755
0.3882362368752625 0.755
0.3891015539689206 0.755
0.3894208819823603 0.755
0.38983291054178915 0.755
0.3898805207895843 0.755
0.38992845023099537 0.755
0.39009226375472483 0.755
0.3904091726165477 0.755
0.3906356824863502 0.755
0.39086815623687526 0.755
0.39109377572448556 0.755
0.39214155396892064 0.755
0.3934693154136918 0.755
0.39349957160856786 0.755
0.3939156824863503 0.755
0.3940968164636708 0.755
0.3941679126417472 0.755
0.39429097018059645 0.755
0.3951060226795464 0.755
0.3956317177656447 0.755
0.395632792944141 0.75625
0.3986026711465771 0.7575
0.4005145905081899 0.7575
0.40141925241495163 0.7575
0.40152189836203284 0.75875
0.4017285678286435 0.75875
0.4027068626627468 0.75875
0.4027407643847124 0.75875
0.4039035363292735 0.75875
0.4045501553968921 0.75875
0.4046035615287694 0.75875
0.40466711465770683 0.75875
0.40621597648047036 0.75875
0.4065258462830744 0.75875
0.40723524569508607 0.76
0.40796776144477115 0.76
0.4090092398152037 0.76
0.4104709449811004 0.76125
0.4155696430071399 0.76125
0.4157304493910122 0.76125
0.41619242335153295 0.76125
0.41629461570768583 0.76125
0.41640003359932803 0.76125
0.4166125829483411 0.76125
0.41687264174716504 0.76125
0.41703343133137344 0.76125
0.41734560268794624 0.76125
0.41752892062158753 0.76125
0.4175946073078539 0.76125
0.41804913901721963 0.76125
0.4181760436791264 0.76125
0.42302387232255356 0.7625
0.4247670054598909 0.7625
0.42540238555228893 0.7625
0.42581049979000424 0.7625
0.4263306341873162 0.7625
0.42640285594288113 0.7625
0.4264670138597228 0.7625
0.4265367828643427 0.7625
0.42664220075598486 0.7625
0.4266670306593868 0.7625
0.42672414951700965 0.7625
0.42685895002099966 0.7625
0.4269151448971021 0.7625
0.4271308861822764 0.7625
0.42714234355312897 0.7625
0.42737189416211674 0.7625
0.4277923561528769 0.7625
0.4280869046619068 0.7625
0.4284317849643008 0.7625
0.42848293994120124 0.7625
0.42869216295674095 0.7625
0.42921076858462837 0.7625
0.42922968500629993 0.7625
0.4295397228055439 0.7625
0.4308704913901722 0.7625
0.43100299034019324 0.7625
0.4310136749265015 0.7625
0.4310359176816464 0.7625
0.43122296514069725 0.7625
0.4312933893322133 0.76375
0.4314732297354053 0.76375
0.43208085678286434 0.76375
0.4325102057958841 0.76375
0.43271280974380516 0.76375
0.43366210835783287 0.76375
0.43375228895422097 0.76375
0.43378750104997904 0.76375
0.4345785468290635 0.76375
0.434819890802184 0.76375
0.4353649895002101 0.76375
0.43607825283494334 0.76375
0.43695601847963045 0.76375
0.43810913061738777 0.76375
0.4413217975640487 0.76375
0.44245548929021417 0.76375
0.44423573288534235 0.76375
0.44956068878622435 0.76375
0.4499601679966401 0.765
0.45047937841243174 0.765
0.45073128937421253 0.765
0.4508083494330114 0.765
0.4509526081478371 0.765
0.45140100797984045 0.765
0.4518456950860983 0.765
0.4519203527929442 0.765
0.45198543469130614 0.765
0.4529593280134397 0.765
0.4529830659386812 0.765
0.4532143973120538 0.765
0.45352517429651407 0.765
0.4535778580428391 0.765
0.4536502309953801 0.765
0.45383929441411175 0.765
0.4542996724065519 0.765
0.45442565308693833 0.765
0.45448460310793787 0.765
0.45452445191096175 0.765
0.45475951280974375 0.76625
0.4547792692146157 0.76625
0.4549518017639647 0.76625
0.4555212095758085 0.76625
0.4559320285594288 0.76625
0.45625280134397317 0.76625
0.4569346661066779 0.76625
0.4570512557748846 0.76625
0.45723003779924404 0.76625
0.45731440571188575 0.76625
0.4584042839143217 0.76625
0.45917508609827806 0.76625
0.45934397312053754 0.76625
0.45973033179336414 0.76625
0.4598878622427552 0.76625
0.46031161696766065 0.76625
0.4606261066778665 0.76625
0.46114437631247374 0.76625
0.4616909029819404 0.76625
0.46203526249475013 0.76625
0.4626967828643428 0.76625
0.46336263754724905 0.76625
0.46401721965560694 0.76625
0.4642408735825284 0.76625
0.4646196052078958 0.76625
0.46565270054598906 0.76625
0.4671094666106679 0.76625
0.46784902141957163 0.76625
0.4730621419571609 0.76625
0.47551991600168003 0.76625
0.47586094918101646 0.76625
0.4762680218395633 0.76625
0.47743763124737515 0.7675
0.4774672490550189 0.7675
0.4775202519949601 0.7675
0.47764335993280144 0.7675
0.4778246283074339 0.7675
0.47970479630407387 0.76875
0.483804955900882 0.76875
0.4869625703485931 0.76875
0.48696640067198654 0.76875
0.48769585888282235 0.76875
0.4901045107097859 0.76875
0.49253491810163796 0.76875
0.4957063586728266 0.76875
0.49612240235195293 0.76875
0.4962762368752625 0.76875
0.49697228055438897 0.76875
0.49842244435111305 0.76875
0.49863954640907193 0.76875
0.49870387232255364 0.77
0.5004243595128097 0.77
0.5030806383872323 0.77
0.5034989332213355 0.77
0.5037577992440152 0.77
0.5069643007139858 0.77
0.507074976900462 0.77125
0.5073329189416212 0.77125
0.5086779504409912 0.77125
0.5124843847123057 0.77125
0.5131373036539268 0.77125
0.5137730701385973 0.77125
0.5137811171776565 0.77125
0.514422410751785 0.77125
0.5147685006299875 0.77125
0.5155081730365393 0.77125
0.5155359092818144 0.77125
0.5159859890802184 0.77125
0.5165604535909282 0.77125
0.5170204619907601 0.77125
0.517414918101638 0.77125
0.5194463670726586 0.7725
0.52343974800504 0.77375
0.5282884502309954 0.77375
0.5286694162116757 0.77375
0.5293029651406972 0.77375
0.5294171188576229 0.77375
0.5294618899622008 0.77375
0.5299711381772364 0.77375
0.5301956320873583 0.77375
0.530495119697606 0.775
0.530509718605628 0.775
0.5308463502729946 0.775
0.5309708693826123 0.775
0.5311537337253256 0.775
0.5312436959260816 0.775
0.5313103569928601 0.775
0.5313711549769005 0.775
0.5315138849223017 0.775
0.5316457958840822 0.775
0.5319480554388912 0.775
0.5319616799664006 0.775
0.5319681982360354 0.775
0.532022427551449 0.775
0.5320642419151618 0.775
0.5320730449391012 0.775
0.5322113565728686 0.775
0.5323589920201597 0.775
0.5326888030239395 0.77625
0.5328680554388913 0.77625
0.5329119865602688 0.77625
0.533079697606048 0.77625
0.533537404451911 0.77625
0.5339267702645947 0.77625
0.5350311465770684 0.77625
0.5352971020579589 0.77625
0.5360014279714405 0.77625
0.5364863502729946 0.77625
0.5364987820243595 0.77625
0.5370605627887443 0.77625
0.537864897102058 0.77625
0.5380109197816044 0.77625
0.5381868458630827 0.77625
0.5392367576648467 0.77625
0.5402785216295676 0.77625
0.5407433179336413 0.77625
0.5409155312893742 0.77625
0.5409158840823184 0.77625
0.5423679798404032 0.7775
0.5463639143217136 0.77875
0.5483238639227216 0.77875
0.5489390508189836 0.77875
0.5492478286434271 0.77875
0.5497938009239816 0.77875
0.5503244687106258 0.77875
0.550364972700546 0.77875
0.5504716505669888 0.77875
0.5505926921461572 0.77875
0.5508117933641328 0.77875
0.5509178496430072 0.77875
0.5512082822343553 0.77875
0.5517157160856783 0.77875
0.5517374884502311 0.77875
0.5521851490970181 0.77875
0.5523569256614869 0.77875
0.5525983200335994 0.77875
0.5529066610667787 0.77875
0.5530043007139858 0.77875
0.5535589584208317 0.77875
0.5541658966820664 0.77875
0.5544936749265015 0.77875
0.554592557748845 0.77875
0.5546184796304074 0.77875
0.5546949853002939 0.77875
0.5547305837883242 0.77875
0.5555329525409493 0.77875
0.5562884166316675 0.77875
0.5563880890382192 0.77875
0.5568719193616127 0.77875
0.5569630239395214 0.77875
0.5615603695926082 0.77875
0.5675784628307434 0.77875
0.5726228139437212 0.77875
0.5727995464090719 0.77875
0.5730011591768165 0.77875
0.573127475850483 0.77875
0.5737254430911382 0.77875
0.5737991768164636 0.77875
0.5743976816463672 0.77875
0.5746105837883243 0.77875
0.5747113649727005 0.77875
0.5748186812263755 0.77875
0.5751050650986981 0.77875
0.5751412347753045 0.77875
0.5752226459470811 0.77875
0.5752772616547669 0.77875
0.5764405543889123 0.77875
0.5764769424611508 0.77875
0.5765434187316254 0.77875
0.5769420075598488 0.77875
0.5770823687526251 0.77875
0.5773318941621168 0.77875
0.5790232339353213 0.77875
0.5795304157916842 0.77875
0.5797019739605208 0.77875
0.5800256194876102 0.77875
0.5812512893742126 0.77875
0.5812989332213355 0.77875
0.581505048299034 0.77875
0.5816933389332214 0.77875
0.5817014027719445 0.77875
0.5917566400671986 0.77875
0.5961828643427132 0.77875
0.6009780428391432 0.77875
0.6025230239395213 0.77875
0.6065316925661487 0.77875
0.6068064174716506 0.77875
0.6069619487610247 0.77875
0.6075041915161697 0.77875
0.6082463670726586 0.77875
0.6082489878202436 0.77875
0.6083212599748006 0.77875
0.6085271902561948 0.77875
0.6088004871902561 0.77875
0.6088390760184796 0.77875
0.6090408231835365 0.77875
0.6091568584628309 0.77875
0.6092089206215876 0.77875
0.6098917765644688 0.77875
0.6102132213355733 0.78
0.6102711129777406 0.78
0.6107082234355313 0.78
0.6107676270474591 0.78
0.6109303149937001 0.78
0.6112817639647208 0.78
0.6112843847123057 0.78
0.6114656362872742 0.78
0.6115610583788325 0.78
0.6116359512809744 0.78
0.6117410835783285 0.78
0.6119855690886182 0.78
0.6122859302813944 0.78
0.6127860898782024 0.78
0.6129114153716926 0.78
0.6129540361192776 0.78
0.6130739689206216 0.78
0.613255170096598 0.78
0.6132953716925661 0.78
0.613757496850063 0.78
0.6141864258714826 0.78
0.6144778160436791 0.78
0.6158225787484252 0.78
0.6162047711045778 0.78
0.616472742545149 0.78
0.6168230323393533 0.78
0.6168680050398992 0.78
0.6172015287694247 0.78
0.6181481898362033 0.78
0.6182666610667787 0.78
0.6187062410751785 0.78
0.6194657874842503 0.78
0.6206415623687526 0.78
0.620917076858463 0.78
0.6210222763544729 0.78
0.6226058462830744 0.78
0.6233828139437211 0.78
0.6236384880302394 0.78
0.6294452078958421 0.78
0.6308555900881982 0.78
0.6312346913061739 0.78125
0.6315997144057119 0.78125
0.6317844939101218 0.7825
0.6319189248215036 0.7825
0.6323937001259975 0.7825
0.633497236455271 0.78375
0.6336247627047459 0.78375
0.6337766988660226 0.78375
0.6338330617387653 0.78375
0.6339239647207056 0.78375
0.6340156068878623 0.78375
0.6340537925241495 0.78375
0.6341716925661488 0.78375
0.6348178916421672 0.78375
0.6352091054178917 0.78375
0.6354709113817725 0.78375
0.6360160100797985 0.78375
0.6362376648467032 0.78375
0.6402737001259975 0.785
0.6475342965140697 0.785
0.6537570432591349 0.785
0.6557226039479211 0.785
0.6593134985300294 0.78625
0.6628617051658967 0.78625
0.6748400335993281 0.7875
0.6755075346493071 0.78875
0.6995912977740444 0.79
0.7076921125577489 0.79125
0.7493013523729527 0.7925
0.7518390424191518 0.79375
0.7552365392692145 0.795
0.7822610667786645 0.79625
0.8086238219235614 0.7975
0.8194180764384713 0.7975
0.8220679882402352 0.79875
0.8423002435951283 0.8
0.8597819739605208 0.80125
0.8693491306173878 0.8025
0.9173417219655607 0.80375
0.9190781016379672 0.805
0.9621208903821924 0.80625
0.9852038135237294 0.8075
0.9959223183536329 0.80875
1.0135283158336834 0.81
1.0418678370432592 0.81125
1.0619763964720705 0.8125
1.0661661486770264 0.81375
1.1194029567408654 0.815
1.1200859974800503 0.81625
1.1324038471230575 0.8175
1.135219470810584 0.81875
1.2592890886182277 0.82
1.2854742209155818 0.82125
1.2931728181436373 0.8225
1.3497564384712306 0.82375
1.3547391516169678 0.825
1.3653782948341033 0.82625
1.4024040487190255 0.8275
1.4711117513649727 0.82875
1.5218488534229313 0.83
1.5521225871482576 0.83125
1.583808248635027 0.8325
1.5879796724065516 0.83375
1.6223628391432172 0.835
1.6299784124317513 0.83625
1.7523440067198657 0.8375
1.7691611591768164 0.83875
1.7779581688366233 0.84
1.8348723561528766 0.84125
1.880131625367493 0.8425
1.918343082738345 0.84375
1.9626707433851325 0.845
1.967475497690046 0.84625
1.9808079294414114 0.8475
2.0180218731625366 0.84875
2.0667402099958 0.85
2.0857610079798405 0.85125
2.1320418311633764 0.8525
2.1669064762704746 0.85375
2.1810425031499374 0.855
2.337846904661907 0.85625
2.338376194876102 0.8575
2.3435157664846704 0.85875
2.4259071314573712 0.86
2.539922704745905 0.86125
2.549615758084838 0.8625
2.5647115161696767 0.86375
2.6278785552288952 0.865
2.7137954136917264 0.86625
2.726691255774885 0.8675
2.7678971356572872 0.86875
2.9481095002099957 0.87
2.9557954472910537 0.87125
3.005461889962201 0.8725
3.0795704829903405 0.87375
3.113439714405712 0.875
3.2018070558588825 0.87625
3.2435246703065945 0.8775
3.3061173792524157 0.87875
3.381285863082738 0.88
3.4059014699706007 0.88125
3.4864671818563635 0.8825
3.5196953548929018 0.88375
3.611086199076018 0.885
3.6146655354892903 0.88625
3.670967509449811 0.8875
3.6991380764384716 0.88875
3.765662259554809 0.89
3.8985539353212944 0.89125
3.944537706845863 0.8925
4.018368618227636 0.89375
4.091658933221336 0.895
4.203671381772365 0.89625
4.204676556068878 0.8975
4.281207543049138 0.89875
4.326834439311215 0.9
4.33128372952541 0.90125
4.367159059218816 0.9025
4.5680223099538 0.90375
4.746586493070139 0.905
4.851426560268795 0.90625
4.853276673666526 0.9075
4.864754708105839 0.90875
4.869528366232676 0.91
5.081083645527089 0.91125
5.130895657286855 0.9125
5.358723796724066 0.91375
5.38059815203696 0.915
5.425762553548929 0.91625
5.511185048299034 0.9175
5.674625233095339 0.91875
5.678475296094079 0.92
5.679095203695927 0.92125
5.714335825283493 0.9225
5.875098714825704 0.92375
5.894683914321714 0.925
5.898939336413273 0.92625
6.001544124317513 0.9275
6.030890818983621 0.92875
6.247758101637968 0.93
6.300523309533809 0.93125
6.368814582108358 0.9325
6.486507097858042 0.93375
6.656286535069299 0.935
6.663536766064679 0.93625
6.678703250734984 0.9375
6.812418748425032 0.93875
6.85635974800504 0.94
7.058799496010081 0.94125
7.107766266274676 0.9425
7.4880244267114655 0.94375
7.571974934901302 0.945
7.6368718353632925 0.94625
7.796691020579588 0.9475
7.865334632507351 0.94875
7.992622192356153 0.95
8.061984057118858 0.95125
8.435758051238974 0.9525
8.776411625367492 0.95375
9.027072893742126 0.955
9.37207739605208 0.95625
9.546899974800505 0.9575
9.69428482150357 0.95875
9.874308525829484 0.96
9.880803796724067 0.96125
9.893834859302814 0.9625
10.005152843343135 0.96375
10.14185039899202 0.965
10.362728399832003 0.96625
10.53047316253675 0.9675
10.581287089458211 0.96875
10.830750709785804 0.97
11.41976124317514 0.97125
11.851488752624949 0.9725
12.012105770684588 0.97375
12.196813742125158 0.975
12.224102477950444 0.97625
12.915983502729945 0.9775
13.217046350272996 0.97875
13.417421033179332 0.98
13.997743217135657 0.98125
14.117649659806803 0.9825
15.701752994540112 0.98375
16.35207900881983 0.985
16.697910407391852 0.98625
16.773075968080636 0.9875
17.097958756824863 0.98875
17.981921125577486 0.99
18.004356606467873 0.99125
19.01109342293154 0.9925
19.053422998740025 0.99375
20.274363695926084 0.995
20.42058662746745 0.99625
21.682122671146583 0.9975
22.937652633347334 0.99875
34.49640206635868 1.0
